;wykryte;nienaprawialne;niewykryte;bledy
0;3473;182;4;3477
1;3537;170;2;3539
2;3602;169;3;3605
3;3538;180;1;3539
4;3643;169;3;3646
5;3676;190;2;3678
6;3586;160;1;3587
7;3439;196;1;3440
8;3565;173;4;3569
9;3521;169;3;3524
10;3552;170;2;3554
11;3501;179;2;3503
12;3584;178;2;3586
13;3562;189;2;3564
14;3523;178;2;3525
15;3437;173;2;3439
16;3578;181;5;3583
17;3580;188;4;3584
18;3571;168;2;3573
19;3611;184;4;3615
20;3570;186;7;3577
21;3560;188;0;3560
22;3532;156;2;3534
23;3619;178;7;3626
24;3538;182;6;3544
25;3556;196;7;3563
26;3609;177;6;3615
27;3572;195;2;3574
28;3542;174;0;3542
29;3538;182;0;3538
30;3583;184;4;3587
31;3530;167;4;3534
32;3589;167;2;3591
33;3469;171;3;3472
34;3558;166;1;3559
35;3564;180;5;3569
36;3809;232;5;3814
37;3508;161;4;3512
38;3439;152;5;3444
39;3528;182;3;3531
40;3455;200;2;3457
41;3546;173;4;3550
42;3590;174;3;3593
43;3599;185;2;3601
44;3581;186;6;3587
45;3550;178;0;3550
46;3597;181;2;3599
47;3511;175;2;3513
48;3517;189;2;3519
49;3476;197;4;3480
50;3555;162;2;3557
51;3582;181;2;3584
52;3523;189;6;3529
53;3629;204;6;3635
54;3637;181;2;3639
55;3512;172;7;3519
56;3597;189;2;3599
57;3665;202;3;3668
58;3494;179;3;3497
59;3521;179;2;3523
60;3631;209;2;3633
61;3496;193;4;3500
62;3593;188;2;3595
63;3624;193;4;3628
64;3603;180;4;3607
65;3514;158;2;3516
66;3588;189;1;3589
67;3567;165;5;3572
68;3651;208;5;3656
69;3558;185;3;3561
70;3519;165;3;3522
71;3493;174;3;3496
72;3575;187;3;3578
73;3579;196;5;3584
74;3660;186;1;3661
75;3633;193;6;3639
76;3471;165;1;3472
77;3609;183;2;3611
78;3599;171;5;3604
79;3671;183;5;3676
80;3578;176;4;3582
81;3565;181;1;3566
82;3546;183;6;3552
83;3629;211;4;3633
84;3589;187;5;3594
85;3599;208;3;3602
86;3510;184;6;3516
87;3630;205;7;3637
88;3498;192;4;3502
89;3529;193;2;3531
90;3639;174;2;3641
91;3483;180;5;3488
92;3574;164;3;3577
93;3645;180;5;3650
94;3571;161;2;3573
95;3505;172;2;3507
96;3590;171;1;3591
97;3523;201;5;3528
98;3569;164;1;3570
99;3567;183;3;3570
100;3519;177;6;3525
101;3590;182;6;3596
102;3573;180;3;3576
103;3559;204;4;3563
104;3573;168;1;3574
105;3657;200;5;3662
106;3587;161;2;3589
107;3523;165;2;3525
108;3516;171;3;3519
109;3597;196;1;3598
110;3543;189;4;3547
111;3486;180;2;3488
112;3544;153;1;3545
113;3509;193;1;3510
114;3502;190;2;3504
115;3664;172;3;3667
116;3612;181;3;3615
117;3586;168;4;3590
118;3561;191;6;3567
119;3500;175;2;3502
120;3576;186;1;3577
121;3578;180;3;3581
122;3577;174;5;3582
123;3530;173;5;3535
124;3605;170;1;3606
125;3612;177;5;3617
126;3387;159;5;3392
127;3556;178;3;3559
128;3498;172;2;3500
129;3661;195;4;3665
130;3551;172;3;3554
131;3494;187;1;3495
132;3538;186;1;3539
133;3666;169;2;3668
134;3563;164;1;3564
135;3629;172;1;3630
136;3582;172;2;3584
137;3602;189;1;3603
138;3516;168;6;3522
139;3559;173;1;3560
140;3565;176;1;3566
141;3494;176;3;3497
142;3543;186;2;3545
143;3583;188;2;3585
144;3523;183;3;3526
145;3510;159;3;3513
146;3577;187;7;3584
147;3633;188;3;3636
148;3624;191;3;3627
149;3672;184;4;3676
150;3655;193;3;3658
151;3500;163;3;3503
152;3573;166;2;3575
153;3526;197;4;3530
154;3555;193;3;3558
155;3657;200;3;3660
156;3549;177;6;3555
157;3557;169;3;3560
158;3622;190;2;3624
159;3523;174;4;3527
160;3568;176;2;3570
161;3585;161;2;3587
162;3573;175;2;3575
163;3472;165;1;3473
164;3544;170;5;3549
165;3657;177;5;3662
166;3606;201;4;3610
167;3578;183;3;3581
168;3602;206;2;3604
169;3612;185;2;3614
170;3752;193;1;3753
171;3608;198;4;3612
172;3590;183;0;3590
173;3471;155;2;3473
174;3633;191;2;3635
175;3517;168;2;3519
176;3506;186;0;3506
177;3525;171;3;3528
178;3536;171;6;3542
179;3540;151;3;3543
180;3559;169;4;3563
181;3512;167;2;3514
182;3491;196;2;3493
183;3551;169;4;3555
184;3523;198;2;3525
185;3642;180;4;3646
186;3712;184;0;3712
187;3479;180;4;3483
188;3548;169;7;3555
189;3641;183;1;3642
190;3676;198;3;3679
191;3546;167;1;3547
192;3498;165;2;3500
193;3601;180;0;3601
194;3553;190;3;3556
195;3561;186;6;3567
196;3582;184;5;3587
197;3513;186;8;3521
198;3581;194;11;3592
199;3493;184;3;3496
200;3590;176;1;3591
201;3492;206;1;3493
202;3581;198;0;3581
203;3616;173;1;3617
204;3560;188;2;3562
205;3496;187;4;3500
206;3469;164;0;3469
207;3670;154;1;3671
208;3578;180;2;3580
209;3556;191;4;3560
210;3658;154;4;3662
211;3579;180;2;3581
212;3577;160;1;3578
213;3586;187;6;3592
214;3504;199;3;3507
215;3600;174;1;3601
216;3520;198;4;3524
217;3513;184;4;3517
218;3480;183;3;3483
219;3529;190;5;3534
220;3573;169;4;3577
221;3650;197;1;3651
222;3560;211;3;3563
223;3480;176;2;3482
224;3541;185;8;3549
225;3582;187;3;3585
226;3587;190;4;3591
227;3593;187;4;3597
228;3522;173;3;3525
229;3609;179;3;3612
230;3548;188;5;3553
231;3561;180;3;3564
232;3508;191;6;3514
233;3567;176;1;3568
234;3445;152;5;3450
235;3650;192;3;3653
236;3546;159;1;3547
237;3535;175;4;3539
238;3636;174;4;3640
239;3651;191;3;3654
240;3554;163;2;3556
241;3590;171;2;3592
242;3654;198;1;3655
243;3499;172;3;3502
244;3584;186;1;3585
245;3621;195;2;3623
246;3568;188;2;3570
247;3665;166;3;3668
248;3491;179;3;3494
249;3603;183;2;3605
250;3526;194;3;3529
251;3597;188;3;3600
252;3600;165;0;3600
253;3541;180;4;3545
254;3614;183;4;3618
255;3472;172;3;3475
256;3719;179;3;3722
257;3613;162;1;3614
258;3554;175;6;3560
259;3522;191;1;3523
260;3457;160;5;3462
261;3537;170;2;3539
262;3571;195;3;3574
263;3497;185;8;3505
264;3569;173;2;3571
265;3591;177;5;3596
266;3517;167;3;3520
267;3606;172;4;3610
268;3574;155;2;3576
269;3640;184;5;3645
270;3551;164;2;3553
271;3662;192;3;3665
272;3543;179;4;3547
273;3631;154;1;3632
274;3435;166;0;3435
275;3518;189;3;3521
276;3546;181;3;3549
277;3586;195;3;3589
278;3499;162;3;3502
279;3565;189;2;3567
280;3626;183;2;3628
281;3542;192;3;3545
282;3616;196;2;3618
283;3571;153;4;3575
284;3562;183;5;3567
285;3587;170;1;3588
286;3555;158;0;3555
287;3529;184;5;3534
288;3586;180;5;3591
289;3566;193;2;3568
290;3575;187;2;3577
291;3540;179;3;3543
292;3604;193;5;3609
293;3610;183;3;3613
294;3549;164;2;3551
295;3638;175;3;3641
296;3612;180;0;3612
297;3534;167;3;3537
298;3586;185;1;3587
299;3583;169;2;3585
300;3561;176;4;3565
301;3501;187;5;3506
302;3608;185;2;3610
303;3528;170;1;3529
304;3677;181;3;3680
305;3606;172;3;3609
306;3686;165;3;3689
307;3676;176;3;3679
308;3568;167;5;3573
309;3563;184;5;3568
310;3648;166;2;3650
311;3574;183;2;3576
312;3575;189;3;3578
313;3604;184;2;3606
314;3772;168;1;3773
315;3585;186;2;3587
316;3578;189;5;3583
317;3538;169;3;3541
318;3590;181;3;3593
319;3543;195;3;3546
320;3588;177;4;3592
321;3527;192;3;3530
322;3520;168;2;3522
323;3529;200;5;3534
324;3466;185;6;3472
325;3485;179;7;3492
326;3566;167;1;3567
327;3552;177;1;3553
328;3623;167;2;3625
329;3544;196;5;3549
330;3488;164;1;3489
331;3483;182;4;3487
332;3590;188;4;3594
333;3572;184;3;3575
334;3629;173;1;3630
335;3587;188;7;3594
336;3586;172;4;3590
337;3588;173;0;3588
338;3568;187;3;3571
339;3505;194;3;3508
340;3529;198;6;3535
341;3582;187;3;3585
342;3632;195;4;3636
343;3592;171;3;3595
344;3580;162;3;3583
345;3521;159;4;3525
346;3601;199;3;3604
347;3530;185;2;3532
348;3517;187;4;3521
349;3474;181;4;3478
350;3576;177;4;3580
351;3592;191;5;3597
352;3632;195;6;3638
353;3471;188;1;3472
354;3545;209;2;3547
355;3492;190;0;3492
356;3485;182;3;3488
357;3540;159;1;3541
358;3467;173;3;3470
359;3606;196;2;3608
360;3659;194;4;3663
361;3555;160;1;3556
362;3573;192;2;3575
363;3458;178;4;3462
364;3573;176;1;3574
365;3541;178;4;3545
366;3589;168;1;3590
367;3530;164;6;3536
368;3619;196;0;3619
369;3651;194;1;3652
370;3530;177;4;3534
371;3568;181;4;3572
372;3609;196;7;3616
373;3599;213;4;3603
374;3583;186;4;3587
375;3621;189;5;3626
376;3545;187;1;3546
377;3613;171;2;3615
378;3555;176;3;3558
379;3495;175;3;3498
380;3568;204;0;3568
381;3611;198;2;3613
382;3517;202;8;3525
383;3491;173;4;3495
384;3527;172;5;3532
385;3519;181;3;3522
386;3518;175;1;3519
387;3517;187;5;3522
388;3539;178;1;3540
389;3422;196;9;3431
390;3631;181;2;3633
391;3557;192;3;3560
392;3466;188;3;3469
393;3525;166;4;3529
394;3701;197;8;3709
395;3520;183;1;3521
396;3534;210;5;3539
397;3524;198;4;3528
398;3506;182;3;3509
399;3589;179;3;3592
400;3667;173;2;3669
401;3613;182;4;3617
402;3533;175;3;3536
403;3564;188;5;3569
404;3505;172;1;3506
405;3600;167;1;3601
406;3606;199;7;3613
407;3540;187;5;3545
408;3628;194;1;3629
409;3594;197;3;3597
410;3456;178;3;3459
411;3461;176;1;3462
412;3616;190;4;3620
413;3529;183;6;3535
414;3584;163;4;3588
415;3659;182;4;3663
416;3594;167;2;3596
417;3592;180;7;3599
418;3560;197;3;3563
419;3509;197;1;3510
420;3556;165;3;3559
421;3525;182;1;3526
422;3571;175;1;3572
423;3527;180;3;3530
424;3497;169;1;3498
425;3486;167;2;3488
426;3587;188;4;3591
427;3537;186;2;3539
428;3567;186;0;3567
429;3729;191;2;3731
430;3439;160;4;3443
431;3525;179;2;3527
432;3618;170;1;3619
433;3599;183;4;3603
434;3513;172;5;3518
435;3559;176;2;3561
436;3499;175;4;3503
437;3489;169;2;3491
438;3537;185;3;3540
439;3587;150;1;3588
440;3560;180;4;3564
441;3567;193;3;3570
442;3551;192;3;3554
443;3463;195;3;3466
444;3618;203;1;3619
445;3417;161;2;3419
446;3577;176;0;3577
447;3618;189;3;3621
448;3602;190;2;3604
449;3616;192;4;3620
450;3556;175;4;3560
451;3575;188;0;3575
452;3643;176;2;3645
453;3574;179;3;3577
454;3487;154;2;3489
455;3602;176;5;3607
456;3591;173;0;3591
457;3606;148;5;3611
458;3533;168;3;3536
459;3554;209;4;3558
460;3640;168;2;3642
461;3503;201;6;3509
462;3507;179;3;3510
463;3530;167;3;3533
464;3594;200;1;3595
465;3497;200;5;3502
466;3560;187;4;3564
467;3520;177;4;3524
468;3531;184;1;3532
469;3534;185;1;3535
470;3480;168;0;3480
471;3552;171;1;3553
472;3572;176;2;3574
473;3597;181;2;3599
474;3535;168;3;3538
475;3491;163;3;3494
476;3551;161;2;3553
477;3605;183;2;3607
478;3521;162;5;3526
479;3536;179;3;3539
480;3635;211;7;3642
481;3620;182;4;3624
482;3569;178;3;3572
483;3540;227;4;3544
484;3580;176;2;3582
485;3501;174;4;3505
486;3569;170;5;3574
487;3519;172;3;3522
488;3580;194;3;3583
489;3575;183;4;3579
490;3561;147;1;3562
491;3542;197;4;3546
492;3498;172;2;3500
493;3539;185;2;3541
494;3587;209;2;3589
495;3540;185;1;3541
496;3542;184;5;3547
497;3557;189;3;3560
498;3599;182;4;3603
499;3566;191;5;3571
500;3509;154;4;3513
501;3559;156;4;3563
502;3529;174;1;3530
503;3463;179;7;3470
504;3547;167;2;3549
505;3526;167;3;3529
506;3633;181;2;3635
507;3446;171;3;3449
508;3591;183;5;3596
509;3496;192;4;3500
510;3569;200;7;3576
511;3622;179;3;3625
512;3584;170;1;3585
513;3539;184;3;3542
514;3560;184;5;3565
515;3614;163;3;3617
516;3615;210;3;3618
517;3617;195;2;3619
518;3620;181;4;3624
519;3481;191;6;3487
520;3544;187;2;3546
521;3493;181;4;3497
522;3532;189;2;3534
523;3545;190;3;3548
524;3646;215;3;3649
525;3528;162;4;3532
526;3567;151;3;3570
527;3526;193;1;3527
528;3590;186;5;3595
529;3577;179;2;3579
530;3526;205;3;3529
531;3539;186;9;3548
532;3553;189;4;3557
533;3515;176;2;3517
534;3550;190;2;3552
535;3496;169;3;3499
536;3608;226;1;3609
537;3573;184;1;3574
538;3497;176;6;3503
539;3484;179;5;3489
540;3589;191;7;3596
541;3537;175;3;3540
542;3620;178;7;3627
543;3568;195;2;3570
544;3595;171;1;3596
545;3654;164;6;3660
546;3578;153;8;3586
547;3483;169;3;3486
548;3433;172;2;3435
549;3452;176;4;3456
550;3542;202;1;3543
551;3561;192;3;3564
552;3655;188;3;3658
553;3541;185;3;3544
554;3556;168;2;3558
555;3585;192;2;3587
556;3549;197;3;3552
557;3530;177;2;3532
558;3507;167;2;3509
559;3439;162;1;3440
560;3554;189;3;3557
561;3589;177;1;3590
562;3565;196;2;3567
563;3604;176;3;3607
564;3563;186;1;3564
565;3528;182;2;3530
566;3560;162;2;3562
567;3504;185;2;3506
568;3538;166;3;3541
569;3615;172;2;3617
570;3532;176;4;3536
571;3571;159;5;3576
572;3622;178;3;3625
573;3600;180;4;3604
574;3578;157;3;3581
575;3469;166;3;3472
576;3509;186;3;3512
577;3621;172;3;3624
578;3565;188;5;3570
579;3501;165;5;3506
580;3566;171;6;3572
581;3598;187;3;3601
582;3481;182;5;3486
583;3605;181;4;3609
584;3559;180;5;3564
585;3593;180;3;3596
586;3426;170;4;3430
587;3609;171;5;3614
588;3497;168;7;3504
589;3571;188;2;3573
590;3569;173;4;3573
591;3519;188;2;3521
592;3571;171;6;3577
593;3558;168;3;3561
594;3463;156;3;3466
595;3515;187;2;3517
596;3601;188;3;3604
597;3568;174;2;3570
598;3557;177;1;3558
599;3569;187;3;3572
600;3583;179;2;3585
601;3542;202;4;3546
602;3527;205;2;3529
603;3598;150;2;3600
604;3570;170;2;3572
605;3576;187;1;3577
606;3478;196;3;3481
607;3611;210;2;3613
608;3668;211;2;3670
609;3609;154;3;3612
610;3481;190;1;3482
611;3572;171;3;3575
612;3585;184;4;3589
613;3632;218;4;3636
614;3520;166;4;3524
615;3531;169;0;3531
616;3557;177;2;3559
617;3548;188;1;3549
618;3578;169;2;3580
619;3616;180;2;3618
620;3512;168;8;3520
621;3492;166;5;3497
622;3658;209;1;3659
623;3575;209;2;3577
624;3542;169;6;3548
625;3509;182;5;3514
626;3543;171;3;3546
627;3514;197;1;3515
628;3573;157;2;3575
629;3473;166;3;3476
630;3573;194;1;3574
631;3609;170;1;3610
632;3544;182;6;3550
633;3583;162;3;3586
634;3559;175;1;3560
635;3543;185;3;3546
636;3477;191;1;3478
637;3610;183;0;3610
638;3616;176;6;3622
639;3619;153;4;3623
640;3563;199;3;3566
641;3569;175;3;3572
642;3495;150;1;3496
643;3673;201;4;3677
644;3575;177;4;3579
645;3645;180;1;3646
646;3617;176;3;3620
647;3611;170;2;3613
648;3570;183;2;3572
649;3469;175;3;3472
650;3653;212;2;3655
651;3578;189;6;3584
652;3570;188;3;3573
653;3591;208;1;3592
654;3619;182;3;3622
655;3593;162;1;3594
656;3697;187;2;3699
657;3705;174;3;3708
658;3590;166;3;3593
659;3565;178;3;3568
660;3660;184;4;3664
661;3496;169;2;3498
662;3511;157;3;3514
663;3538;186;3;3541
664;3595;178;5;3600
665;3624;200;7;3631
666;3574;178;2;3576
667;3565;167;5;3570
668;3614;178;5;3619
669;3689;200;7;3696
670;3535;151;2;3537
671;3529;170;7;3536
672;3582;208;4;3586
673;3411;197;5;3416
674;3460;176;1;3461
675;3595;200;3;3598
676;3538;182;3;3541
677;3576;200;4;3580
678;3569;193;2;3571
679;3630;194;5;3635
680;3485;185;2;3487
681;3597;174;3;3600
682;3618;173;0;3618
683;3556;171;4;3560
684;3523;192;3;3526
685;3550;181;2;3552
686;3490;180;2;3492
687;3646;163;5;3651
688;3530;163;3;3533
689;3592;197;5;3597
690;3546;170;2;3548
691;3614;196;5;3619
692;3545;170;3;3548
693;3453;189;8;3461
694;3515;173;2;3517
695;3536;163;6;3542
696;3648;185;3;3651
697;3534;200;4;3538
698;3625;195;4;3629
699;3624;199;1;3625
700;3529;197;3;3532
701;3615;177;5;3620
702;3564;187;2;3566
703;3450;162;3;3453
704;3519;198;2;3521
705;3536;173;3;3539
706;3586;168;7;3593
707;3624;189;4;3628
708;3640;160;2;3642
709;3551;195;4;3555
710;3427;166;7;3434
711;3595;170;4;3599
712;3615;192;7;3622
713;3569;172;5;3574
714;3546;180;6;3552
715;3673;181;1;3674
716;3587;179;2;3589
717;3655;174;4;3659
718;3553;171;2;3555
719;3661;188;2;3663
720;3513;205;1;3514
721;3634;196;2;3636
722;3544;166;2;3546
723;3658;175;1;3659
724;3590;185;4;3594
725;3607;198;1;3608
726;3592;169;4;3596
727;3694;181;6;3700
728;3551;210;2;3553
729;3536;191;1;3537
730;3626;217;3;3629
731;3579;164;2;3581
732;3459;151;4;3463
733;3594;182;4;3598
734;3613;181;3;3616
735;3532;180;2;3534
736;3526;183;2;3528
737;3637;199;2;3639
738;3594;213;0;3594
739;3567;156;2;3569
740;3638;211;2;3640
741;3586;196;4;3590
742;3502;192;5;3507
743;3518;174;4;3522
744;3540;186;6;3546
745;3448;163;3;3451
746;3552;177;1;3553
747;3596;177;1;3597
748;3565;190;1;3566
749;3549;182;5;3554
750;3513;176;2;3515
751;3567;161;2;3569
752;3423;163;2;3425
753;3463;179;2;3465
754;3559;163;3;3562
755;3672;182;5;3677
756;3494;179;4;3498
757;3603;175;3;3606
758;3608;178;2;3610
759;3582;192;2;3584
760;3496;188;6;3502
761;3631;193;3;3634
762;3484;193;4;3488
763;3590;216;5;3595
764;3486;178;4;3490
765;3597;175;4;3601
766;3575;178;2;3577
767;3558;194;1;3559
768;3582;194;5;3587
769;3559;171;1;3560
770;3480;154;0;3480
771;3563;180;5;3568
772;3505;153;2;3507
773;3549;168;2;3551
774;3578;184;0;3578
775;3580;210;1;3581
776;3473;180;7;3480
777;3581;173;3;3584
778;3621;194;1;3622
779;3545;182;4;3549
780;3590;193;2;3592
781;3641;179;4;3645
782;3462;171;1;3463
783;3479;177;0;3479
784;3601;166;4;3605
785;3557;195;3;3560
786;3581;189;2;3583
787;3443;204;3;3446
788;3553;203;2;3555
789;3592;198;1;3593
790;3499;169;2;3501
791;3572;189;5;3577
792;3525;201;1;3526
793;3588;189;4;3592
794;3654;193;3;3657
795;3497;176;1;3498
796;3529;194;3;3532
797;3533;198;7;3540
798;3545;195;5;3550
799;3698;176;4;3702
800;3550;175;5;3555
801;3567;203;3;3570
802;3520;166;4;3524
803;3553;158;1;3554
804;3525;161;5;3530
805;3492;160;4;3496
806;3558;196;4;3562
807;3668;203;4;3672
808;3599;174;3;3602
809;3621;186;4;3625
810;3595;187;2;3597
811;3579;188;1;3580
812;3612;172;2;3614
813;3563;204;2;3565
814;3591;174;6;3597
815;3468;177;0;3468
816;3585;194;2;3587
817;3661;212;2;3663
818;3500;183;2;3502
819;3513;174;3;3516
820;3604;169;2;3606
821;3581;160;0;3581
822;3599;197;4;3603
823;3684;166;1;3685
824;3490;163;1;3491
825;3628;162;4;3632
826;3646;184;2;3648
827;3465;161;8;3473
828;3618;152;3;3621
829;3534;182;5;3539
830;3515;170;2;3517
831;3545;174;4;3549
832;3501;165;0;3501
833;3619;185;3;3622
834;3587;185;2;3589
835;3525;180;5;3530
836;3611;193;3;3614
837;3552;158;2;3554
838;3655;177;1;3656
839;3635;172;4;3639
840;3498;145;0;3498
841;3605;174;6;3611
842;3507;164;5;3512
843;3543;169;3;3546
844;3590;198;5;3595
845;3527;174;5;3532
846;3651;163;1;3652
847;3618;195;5;3623
848;3557;178;2;3559
849;3702;181;0;3702
850;3629;195;4;3633
851;3531;159;1;3532
852;3542;181;3;3545
853;3632;175;4;3636
854;3527;169;2;3529
855;3597;201;5;3602
856;3569;189;3;3572
857;3554;206;1;3555
858;3603;162;1;3604
859;3545;192;3;3548
860;3567;166;3;3570
861;3609;165;5;3614
862;3491;199;5;3496
863;3594;188;4;3598
864;3627;169;0;3627
865;3537;190;4;3541
866;3399;167;6;3405
867;3661;171;1;3662
868;3561;156;3;3564
869;3476;194;4;3480
870;3590;188;5;3595
871;3677;173;4;3681
872;3625;197;2;3627
873;3756;198;5;3761
874;3565;171;6;3571
875;3631;191;2;3633
876;3603;181;4;3607
877;3604;191;1;3605
878;3571;177;2;3573
879;3588;200;3;3591
880;3607;210;4;3611
881;3581;183;1;3582
882;3617;200;1;3618
883;3580;177;0;3580
884;3636;184;1;3637
885;3534;189;3;3537
886;3592;176;5;3597
887;3584;190;5;3589
888;3465;181;2;3467
889;3595;221;4;3599
890;3588;194;3;3591
891;3624;175;3;3627
892;3525;170;3;3528
893;3563;184;8;3571
894;3503;176;4;3507
895;3581;176;3;3584
896;3514;182;1;3515
897;3538;158;3;3541
898;3554;185;2;3556
899;3660;203;1;3661
900;3590;168;2;3592
901;3621;178;2;3623
902;3588;168;2;3590
903;3594;173;3;3597
904;3545;190;0;3545
905;3474;169;7;3481
906;3539;186;1;3540
907;3633;189;1;3634
908;3577;154;3;3580
909;3536;186;2;3538
910;3553;189;3;3556
911;3627;197;5;3632
912;3618;202;6;3624
913;3560;171;1;3561
914;3621;191;1;3622
915;3549;177;2;3551
916;3559;178;5;3564
917;3631;193;2;3633
918;3594;169;2;3596
919;3444;168;3;3447
920;3548;166;3;3551
921;3564;177;2;3566
922;3659;159;6;3665
923;3642;204;6;3648
924;3458;177;4;3462
925;3616;187;3;3619
926;3599;195;4;3603
927;3570;175;1;3571
928;3505;158;0;3505
929;3594;189;1;3595
930;3659;173;1;3660
931;3578;175;3;3581
932;3557;170;9;3566
933;3551;200;0;3551
934;3667;165;2;3669
935;3512;180;1;3513
936;3540;172;1;3541
937;3572;180;5;3577
938;3593;176;2;3595
939;3680;226;5;3685
940;3533;176;3;3536
941;3519;173;1;3520
942;3615;177;1;3616
943;3566;197;6;3572
944;3582;183;5;3587
945;3533;196;5;3538
946;3629;183;1;3630
947;3561;168;2;3563
948;3568;180;1;3569
949;3594;173;4;3598
950;3555;180;6;3561
951;3532;163;6;3538
952;3572;179;2;3574
953;3646;210;3;3649
954;3514;182;1;3515
955;3490;180;4;3494
956;3529;179;3;3532
957;3566;167;1;3567
958;3556;192;3;3559
959;3524;156;2;3526
960;3611;165;1;3612
961;3521;192;2;3523
962;3620;188;5;3625
963;3570;188;2;3572
964;3491;166;2;3493
965;3527;196;2;3529
966;3549;166;5;3554
967;3592;196;5;3597
968;3663;187;1;3664
969;3577;163;3;3580
970;3536;186;4;3540
971;3520;177;1;3521
972;3600;198;7;3607
973;3628;201;6;3634
974;3540;191;4;3544
975;3627;175;5;3632
976;3527;190;5;3532
977;3516;175;2;3518
978;3456;172;0;3456
979;3558;172;3;3561
980;3496;196;3;3499
981;3560;192;4;3564
982;3547;179;1;3548
983;3672;217;5;3677
984;3619;179;2;3621
985;3582;182;1;3583
986;3509;183;7;3516
987;3618;183;1;3619
988;3522;173;1;3523
989;3485;173;4;3489
990;3586;190;4;3590
991;3469;156;2;3471
992;3494;185;3;3497
993;3536;162;4;3540
994;3597;172;6;3603
995;3532;184;4;3536
996;3461;159;2;3463
997;3586;207;5;3591
998;3574;191;2;3576
999;3651;191;5;3656
