;wykryte;nienaprawialne;niewykryte;bledy
0;6237;577;22;6259
1;6210;549;21;6231
2;6181;601;20;6201
3;6093;539;12;6105
4;6224;613;24;6248
5;6118;542;10;6128
6;6203;528;21;6224
7;6034;587;16;6050
8;6264;590;19;6283
9;6065;557;24;6089
10;6197;593;17;6214
11;6183;569;19;6202
12;6087;555;10;6097
13;6092;593;24;6116
14;6174;545;18;6192
15;6263;576;17;6280
16;5990;520;18;6008
17;6081;577;15;6096
18;6244;581;25;6269
19;6067;554;15;6082
20;6163;562;27;6190
21;6192;566;12;6204
22;6278;587;18;6296
23;6100;553;15;6115
24;6157;541;14;6171
25;6248;565;14;6262
26;6165;621;21;6186
27;6120;578;15;6135
28;6153;565;19;6172
29;6097;580;18;6115
30;6190;571;20;6210
31;6166;580;17;6183
32;6185;568;22;6207
33;6236;578;20;6256
34;6047;571;20;6067
35;6196;603;22;6218
36;6084;587;14;6098
37;6102;562;11;6113
38;6170;586;16;6186
39;6086;586;21;6107
40;6197;588;18;6215
41;6084;540;18;6102
42;6154;553;17;6171
43;6119;551;11;6130
44;6126;560;22;6148
45;6086;553;13;6099
46;6162;537;18;6180
47;6210;586;20;6230
48;6159;553;12;6171
49;6197;521;20;6217
50;6164;582;21;6185
51;6138;519;25;6163
52;6255;554;18;6273
53;6203;579;22;6225
54;6120;575;23;6143
55;6118;537;23;6141
56;6128;576;25;6153
57;6220;595;13;6233
58;6155;549;16;6171
59;6026;597;18;6044
60;6174;583;16;6190
61;6178;615;14;6192
62;6201;607;18;6219
63;6110;572;18;6128
64;6188;561;19;6207
65;6134;578;11;6145
66;6177;566;14;6191
67;6160;558;24;6184
68;6240;574;18;6258
69;6029;548;18;6047
70;6150;559;19;6169
71;6158;561;17;6175
72;6122;572;20;6142
73;6184;536;14;6198
74;6124;607;24;6148
75;6163;583;13;6176
76;6028;551;16;6044
77;6132;565;15;6147
78;6196;578;25;6221
79;6157;579;19;6176
80;6122;615;22;6144
81;6072;604;19;6091
82;6003;572;19;6022
83;6175;570;17;6192
84;6185;547;14;6199
85;6203;575;13;6216
86;6162;597;13;6175
87;6145;585;21;6166
88;6110;543;18;6128
89;6122;561;20;6142
90;6126;564;18;6144
91;6216;615;21;6237
92;6040;531;20;6060
93;6069;599;20;6089
94;6109;574;17;6126
95;6114;563;24;6138
96;6151;541;25;6176
97;6117;602;24;6141
98;6076;567;14;6090
99;6127;599;21;6148
100;6210;557;15;6225
101;6238;587;16;6254
102;6176;560;17;6193
103;6075;551;9;6084
104;6155;572;12;6167
105;6173;586;26;6199
106;6148;545;15;6163
107;6153;600;15;6168
108;6210;592;16;6226
109;6105;629;18;6123
110;6113;542;14;6127
111;6132;569;26;6158
112;6117;551;10;6127
113;5946;551;14;5960
114;6170;579;17;6187
115;6174;571;24;6198
116;6272;601;26;6298
117;6071;546;24;6095
118;6028;556;18;6046
119;6237;559;17;6254
120;6129;562;20;6149
121;6250;550;15;6265
122;6014;537;19;6033
123;6003;527;14;6017
124;6089;531;11;6100
125;6180;552;11;6191
126;6066;510;13;6079
127;6010;587;22;6032
128;6165;560;15;6180
129;6187;618;21;6208
130;6202;609;18;6220
131;6220;577;15;6235
132;6162;556;19;6181
133;6224;548;18;6242
134;6252;576;19;6271
135;6094;538;23;6117
136;6109;553;20;6129
137;6148;605;21;6169
138;6169;541;28;6197
139;6132;574;13;6145
140;6007;565;17;6024
141;6180;568;11;6191
142;6173;579;19;6192
143;6186;556;13;6199
144;6180;584;15;6195
145;6127;629;22;6149
146;6208;558;21;6229
147;6204;544;7;6211
148;6115;532;21;6136
149;6113;574;15;6128
150;6314;577;20;6334
151;6160;574;11;6171
152;6131;615;13;6144
153;6076;546;20;6096
154;6291;577;21;6312
155;6026;580;11;6037
156;6160;538;15;6175
157;6105;571;15;6120
158;6106;596;24;6130
159;6217;586;26;6243
160;6103;558;20;6123
161;6162;562;16;6178
162;6103;570;13;6116
163;6063;593;20;6083
164;6115;554;20;6135
165;6118;558;21;6139
166;6212;507;12;6224
167;5999;577;9;6008
168;6048;572;19;6067
169;6124;556;17;6141
170;6216;577;17;6233
171;6148;558;34;6182
172;6096;565;17;6113
173;6128;527;22;6150
174;6113;572;27;6140
175;6113;596;21;6134
176;5983;536;30;6013
177;6165;553;19;6184
178;6195;576;17;6212
179;6171;594;14;6185
180;6139;561;21;6160
181;6018;565;21;6039
182;6172;592;23;6195
183;6139;561;19;6158
184;6097;583;22;6119
185;6071;545;20;6091
186;6009;550;28;6037
187;6156;595;18;6174
188;6180;587;15;6195
189;6025;582;16;6041
190;6246;620;14;6260
191;6162;571;16;6178
192;6131;544;14;6145
193;6256;574;9;6265
194;6120;592;30;6150
195;6107;553;17;6124
196;6133;595;30;6163
197;6148;596;22;6170
198;6144;568;14;6158
199;6056;520;23;6079
200;6193;609;25;6218
201;6149;537;7;6156
202;6160;581;20;6180
203;6118;552;17;6135
204;6002;528;22;6024
205;6127;573;24;6151
206;6108;558;15;6123
207;6175;562;16;6191
208;6178;611;25;6203
209;6129;575;14;6143
210;6082;559;15;6097
211;6086;606;16;6102
212;6244;585;18;6262
213;6155;597;17;6172
214;6240;599;19;6259
215;6092;545;15;6107
216;6219;572;21;6240
217;6212;559;17;6229
218;6180;591;26;6206
219;6276;546;15;6291
220;6106;582;19;6125
221;6129;579;19;6148
222;6209;539;14;6223
223;6067;584;22;6089
224;6181;633;22;6203
225;6148;559;22;6170
226;6145;570;26;6171
227;6158;589;25;6183
228;6151;580;20;6171
229;6240;587;23;6263
230;6152;541;18;6170
231;6212;558;11;6223
232;6194;588;17;6211
233;6198;617;22;6220
234;6181;567;27;6208
235;6052;565;19;6071
236;6110;567;22;6132
237;6047;560;16;6063
238;6180;560;24;6204
239;6153;566;17;6170
240;6136;576;21;6157
241;6246;593;15;6261
242;6162;594;12;6174
243;6062;565;15;6077
244;6204;578;8;6212
245;6138;537;15;6153
246;6187;609;20;6207
247;6182;568;19;6201
248;6130;634;22;6152
249;6105;549;16;6121
250;6249;652;19;6268
251;6141;530;13;6154
252;6103;579;21;6124
253;6376;566;10;6386
254;6289;601;14;6303
255;6183;582;19;6202
256;6179;565;20;6199
257;6140;574;16;6156
258;6229;610;20;6249
259;6237;634;16;6253
260;6195;581;10;6205
261;6195;530;17;6212
262;6228;551;13;6241
263;6132;563;14;6146
264;6090;573;17;6107
265;6114;596;25;6139
266;6131;533;15;6146
267;6041;550;14;6055
268;6168;592;22;6190
269;6059;574;15;6074
270;6075;571;18;6093
271;6127;584;16;6143
272;6143;597;15;6158
273;6236;606;10;6246
274;6147;551;12;6159
275;6114;575;11;6125
276;6138;547;14;6152
277;6022;548;13;6035
278;6029;546;21;6050
279;6181;577;23;6204
280;6267;595;12;6279
281;6107;534;23;6130
282;6149;571;11;6160
283;6095;553;17;6112
284;6191;567;21;6212
285;6141;597;17;6158
286;6263;594;17;6280
287;6130;581;12;6142
288;6199;584;25;6224
289;6076;590;13;6089
290;6186;562;19;6205
291;6089;540;17;6106
292;5979;500;25;6004
293;6107;584;17;6124
294;6083;560;19;6102
295;6226;551;21;6247
296;6143;572;21;6164
297;6134;571;10;6144
298;6240;552;16;6256
299;6084;586;20;6104
300;6327;579;18;6345
301;5915;518;14;5929
302;5968;579;15;5983
303;6093;586;15;6108
304;6157;533;23;6180
305;6176;587;20;6196
306;6163;565;20;6183
307;6072;535;21;6093
308;6051;585;12;6063
309;6041;551;20;6061
310;6169;573;18;6187
311;6170;589;17;6187
312;6038;523;15;6053
313;6202;557;17;6219
314;6054;511;20;6074
315;6043;565;23;6066
316;6112;540;25;6137
317;6185;600;19;6204
318;6111;547;17;6128
319;6148;623;20;6168
320;6166;595;22;6188
321;6199;556;11;6210
322;6166;580;20;6186
323;6018;573;16;6034
324;6149;588;16;6165
325;6222;526;18;6240
326;6155;530;13;6168
327;6209;548;20;6229
328;6186;546;13;6199
329;6132;563;16;6148
330;6278;542;16;6294
331;6048;554;21;6069
332;6100;571;18;6118
333;6146;589;8;6154
334;6190;601;25;6215
335;6081;593;26;6107
336;6206;563;21;6227
337;6032;592;20;6052
338;6093;564;16;6109
339;6051;559;19;6070
340;6203;573;22;6225
341;6183;579;19;6202
342;6176;528;20;6196
343;6166;584;23;6189
344;6200;549;14;6214
345;6164;579;23;6187
346;6249;585;9;6258
347;6169;557;14;6183
348;6172;575;28;6200
349;6150;577;15;6165
350;6163;575;24;6187
351;6093;574;18;6111
352;6108;604;20;6128
353;6102;513;14;6116
354;6177;542;20;6197
355;6246;570;19;6265
356;6136;573;11;6147
357;6108;502;17;6125
358;6120;586;10;6130
359;6184;532;18;6202
360;6065;590;18;6083
361;6212;600;12;6224
362;5998;614;20;6018
363;6178;550;16;6194
364;6177;535;15;6192
365;6182;568;12;6194
366;6126;569;20;6146
367;6210;541;18;6228
368;6069;601;23;6092
369;6167;572;23;6190
370;6152;545;27;6179
371;6139;575;30;6169
372;5969;524;17;5986
373;6202;594;25;6227
374;6068;558;18;6086
375;6142;567;17;6159
376;6140;568;21;6161
377;6201;559;18;6219
378;6141;569;12;6153
379;5969;530;17;5986
380;6143;577;18;6161
381;6198;567;14;6212
382;6127;550;12;6139
383;6126;571;16;6142
384;6086;583;20;6106
385;6089;595;19;6108
386;6075;563;21;6096
387;6024;549;25;6049
388;6147;580;25;6172
389;6114;531;26;6140
390;6147;543;18;6165
391;6073;576;25;6098
392;6183;569;16;6199
393;6092;574;17;6109
394;6088;579;19;6107
395;6111;570;17;6128
396;6081;572;19;6100
397;6206;566;17;6223
398;6095;579;16;6111
399;6135;558;16;6151
400;6128;616;12;6140
401;6097;572;14;6111
402;6188;523;18;6206
403;6234;581;14;6248
404;6150;572;24;6174
405;6126;589;16;6142
406;6329;616;24;6353
407;6181;549;19;6200
408;6066;576;21;6087
409;6160;560;13;6173
410;6175;608;14;6189
411;6179;610;21;6200
412;6253;544;17;6270
413;6068;550;19;6087
414;6028;563;20;6048
415;6256;584;18;6274
416;6131;543;18;6149
417;6117;577;19;6136
418;6064;517;19;6083
419;6132;589;19;6151
420;6064;584;23;6087
421;6095;564;14;6109
422;6147;548;14;6161
423;6140;560;21;6161
424;6195;617;22;6217
425;6091;586;21;6112
426;6146;591;20;6166
427;6252;611;24;6276
428;6090;578;11;6101
429;6185;598;11;6196
430;6237;655;11;6248
431;6130;578;22;6152
432;6238;563;24;6262
433;6198;583;12;6210
434;6189;565;15;6204
435;6176;560;16;6192
436;6058;565;18;6076
437;6171;563;13;6184
438;6125;586;19;6144
439;6171;532;14;6185
440;6268;544;22;6290
441;6179;548;15;6194
442;6181;559;13;6194
443;6130;566;13;6143
444;6184;578;19;6203
445;6147;564;17;6164
446;6175;548;13;6188
447;6122;619;19;6141
448;6159;585;25;6184
449;6175;557;26;6201
450;6172;567;18;6190
451;6132;594;19;6151
452;6146;583;15;6161
453;6118;557;9;6127
454;6246;553;14;6260
455;6173;605;17;6190
456;6232;597;14;6246
457;6107;550;16;6123
458;6126;599;15;6141
459;6121;568;17;6138
460;6149;600;25;6174
461;6143;597;17;6160
462;6096;569;14;6110
463;6089;614;18;6107
464;6151;522;15;6166
465;6082;586;21;6103
466;6239;590;18;6257
467;6164;563;13;6177
468;6141;563;22;6163
469;6153;573;26;6179
470;6156;566;11;6167
471;6175;535;16;6191
472;6151;559;14;6165
473;6114;557;14;6128
474;6129;613;26;6155
475;6086;538;13;6099
476;6088;535;18;6106
477;6044;527;13;6057
478;6099;539;12;6111
479;6117;615;12;6129
480;6170;563;21;6191
481;6103;589;27;6130
482;6264;573;21;6285
483;6198;544;15;6213
484;6189;546;16;6205
485;6123;548;19;6142
486;6101;575;17;6118
487;6272;607;17;6289
488;6132;586;19;6151
489;6144;642;20;6164
490;6163;555;17;6180
491;6090;573;16;6106
492;6086;564;19;6105
493;6084;557;19;6103
494;6098;535;10;6108
495;6019;592;19;6038
496;6062;547;29;6091
497;6041;585;17;6058
498;6051;530;20;6071
499;6178;564;18;6196
500;6182;583;14;6196
501;6087;569;19;6106
502;6124;570;13;6137
503;6247;571;20;6267
504;6202;652;21;6223
505;6130;552;12;6142
506;6089;560;17;6106
507;6201;595;21;6222
508;6046;533;20;6066
509;6211;554;11;6222
510;6000;586;16;6016
511;6101;603;24;6125
512;6150;540;22;6172
513;6146;557;21;6167
514;6093;552;19;6112
515;6122;581;15;6137
516;6216;587;13;6229
517;6107;586;20;6127
518;6191;576;15;6206
519;6144;567;23;6167
520;6066;554;20;6086
521;6177;577;20;6197
522;6137;548;14;6151
523;6127;569;23;6150
524;6053;568;12;6065
525;6094;619;16;6110
526;6105;556;20;6125
527;6189;554;22;6211
528;6062;595;14;6076
529;6191;628;25;6216
530;6183;524;18;6201
531;6117;552;14;6131
532;6148;554;13;6161
533;6085;582;30;6115
534;6122;527;7;6129
535;6172;564;16;6188
536;6319;577;18;6337
537;6056;578;20;6076
538;6093;572;17;6110
539;6099;589;17;6116
540;6135;581;17;6152
541;6194;633;23;6217
542;6278;539;16;6294
543;6163;579;15;6178
544;6013;540;21;6034
545;6057;580;20;6077
546;6131;563;19;6150
547;6130;559;26;6156
548;6101;527;18;6119
549;6103;587;24;6127
550;6103;579;20;6123
551;6217;561;9;6226
552;6227;576;18;6245
553;6225;596;26;6251
554;6107;591;18;6125
555;6135;597;17;6152
556;6082;572;18;6100
557;6138;556;15;6153
558;6181;559;16;6197
559;6332;611;16;6348
560;6130;568;24;6154
561;6053;547;16;6069
562;6196;606;17;6213
563;6168;590;17;6185
564;6112;561;14;6126
565;6311;564;22;6333
566;6145;527;23;6168
567;6155;561;20;6175
568;6174;581;16;6190
569;6123;580;23;6146
570;6118;570;24;6142
571;6146;554;18;6164
572;5962;566;18;5980
573;6043;579;14;6057
574;6030;514;18;6048
575;6179;603;19;6198
576;6088;533;11;6099
577;6095;558;17;6112
578;6179;546;16;6195
579;6178;602;18;6196
580;6184;583;20;6204
581;6167;544;22;6189
582;6107;570;27;6134
583;6123;607;13;6136
584;6128;554;19;6147
585;6050;580;24;6074
586;6172;582;13;6185
587;6200;589;15;6215
588;6035;549;18;6053
589;6215;544;15;6230
590;6127;600;18;6145
591;6106;548;11;6117
592;6108;576;10;6118
593;6186;547;12;6198
594;6226;560;22;6248
595;6058;565;22;6080
596;6056;566;12;6068
597;6127;553;17;6144
598;6164;595;12;6176
599;6126;561;25;6151
600;6202;591;11;6213
601;6095;561;16;6111
602;6227;606;25;6252
603;6225;521;21;6246
604;6084;547;21;6105
605;6160;599;20;6180
606;6049;583;16;6065
607;6122;548;20;6142
608;6162;609;22;6184
609;6299;596;13;6312
610;6127;562;27;6154
611;6115;592;26;6141
612;6286;540;11;6297
613;6140;559;17;6157
614;6235;572;20;6255
615;6172;538;27;6199
616;6135;573;22;6157
617;6145;574;17;6162
618;6072;526;19;6091
619;6148;596;24;6172
620;6117;581;19;6136
621;6160;578;19;6179
622;6241;595;23;6264
623;6167;615;23;6190
624;6126;554;11;6137
625;6216;583;13;6229
626;6029;587;24;6053
627;6100;573;12;6112
628;6243;589;24;6267
629;6244;589;19;6263
630;6056;554;19;6075
631;6129;584;20;6149
632;6147;599;18;6165
633;6078;613;22;6100
634;6227;565;22;6249
635;6086;561;25;6111
636;6132;558;16;6148
637;6102;542;10;6112
638;6050;571;20;6070
639;6141;568;20;6161
640;6172;583;19;6191
641;6109;520;12;6121
642;6080;589;12;6092
643;6159;544;16;6175
644;6049;556;14;6063
645;6264;558;17;6281
646;6161;568;24;6185
647;6244;591;20;6264
648;6104;567;16;6120
649;6203;633;19;6222
650;6143;622;23;6166
651;6245;570;16;6261
652;6077;556;21;6098
653;6105;598;15;6120
654;6113;547;14;6127
655;6126;553;15;6141
656;6100;560;17;6117
657;6146;545;13;6159
658;6123;559;15;6138
659;6156;575;16;6172
660;6168;554;16;6184
661;6054;533;21;6075
662;6165;558;15;6180
663;6083;550;17;6100
664;6140;591;26;6166
665;6125;598;20;6145
666;6141;580;20;6161
667;6087;533;13;6100
668;6168;565;26;6194
669;6241;581;20;6261
670;5984;561;33;6017
671;6146;594;18;6164
672;6176;546;11;6187
673;6172;594;16;6188
674;6185;569;21;6206
675;6156;587;19;6175
676;6192;543;19;6211
677;6064;530;20;6084
678;6073;515;19;6092
679;6226;589;12;6238
680;6025;566;19;6044
681;6192;598;21;6213
682;6211;546;10;6221
683;6125;549;20;6145
684;6193;549;16;6209
685;6129;556;23;6152
686;6186;580;10;6196
687;6198;573;15;6213
688;6198;558;19;6217
689;6101;534;14;6115
690;6245;620;17;6262
691;6170;546;13;6183
692;6277;586;11;6288
693;6159;539;19;6178
694;6267;550;17;6284
695;6171;593;15;6186
696;6214;536;19;6233
697;6243;576;15;6258
698;6150;542;16;6166
699;6162;584;20;6182
700;6205;603;24;6229
701;6102;541;17;6119
702;6177;602;18;6195
703;6103;559;21;6124
704;6141;560;10;6151
705;6157;553;16;6173
706;6240;610;26;6266
707;6186;584;20;6206
708;6125;563;22;6147
709;6099;556;18;6117
710;6175;565;22;6197
711;6103;565;12;6115
712;6150;570;29;6179
713;6079;560;15;6094
714;6080;569;23;6103
715;6205;584;16;6221
716;6238;588;23;6261
717;6123;549;10;6133
718;6248;580;26;6274
719;6172;593;21;6193
720;6033;523;15;6048
721;6135;554;17;6152
722;6208;575;11;6219
723;6107;571;16;6123
724;6171;566;21;6192
725;6063;557;17;6080
726;6092;588;18;6110
727;6136;560;26;6162
728;6109;579;22;6131
729;6121;566;18;6139
730;6167;563;17;6184
731;6001;565;14;6015
732;6107;554;32;6139
733;6133;626;26;6159
734;6112;560;8;6120
735;6129;580;22;6151
736;6163;584;19;6182
737;6133;579;13;6146
738;6045;560;22;6067
739;6220;619;24;6244
740;6134;575;17;6151
741;6188;537;22;6210
742;6077;557;18;6095
743;6125;523;24;6149
744;6205;581;15;6220
745;6183;577;19;6202
746;6162;559;16;6178
747;6185;582;16;6201
748;6212;589;15;6227
749;6228;581;13;6241
750;6214;551;25;6239
751;6209;576;23;6232
752;6204;592;27;6231
753;6152;594;16;6168
754;6152;515;16;6168
755;6174;582;23;6197
756;6073;571;15;6088
757;6101;572;13;6114
758;6049;583;20;6069
759;6109;553;17;6126
760;6175;582;17;6192
761;6156;586;16;6172
762;6261;618;24;6285
763;6137;594;22;6159
764;6064;602;21;6085
765;6155;586;20;6175
766;6051;573;21;6072
767;6148;549;18;6166
768;6203;539;14;6217
769;6110;618;16;6126
770;6187;595;18;6205
771;6228;594;22;6250
772;6220;606;11;6231
773;6274;590;17;6291
774;6097;573;16;6113
775;6142;565;15;6157
776;6089;616;18;6107
777;6141;556;20;6161
778;6233;598;19;6252
779;6179;571;19;6198
780;6161;580;16;6177
781;6143;571;17;6160
782;6170;564;21;6191
783;6256;543;25;6281
784;6247;541;15;6262
785;6079;550;25;6104
786;6062;591;19;6081
787;6197;640;29;6226
788;6042;587;17;6059
789;6094;543;10;6104
790;6220;524;14;6234
791;6035;561;17;6052
792;6135;611;20;6155
793;6046;571;19;6065
794;6156;571;22;6178
795;6105;555;20;6125
796;6178;581;16;6194
797;6176;606;20;6196
798;6021;546;17;6038
799;6286;612;22;6308
800;6120;581;18;6138
801;6162;576;19;6181
802;6078;552;9;6087
803;6147;548;21;6168
804;6106;557;21;6127
805;6147;586;20;6167
806;6276;537;20;6296
807;6196;563;20;6216
808;6186;581;16;6202
809;6212;601;20;6232
810;6138;608;23;6161
811;6146;587;21;6167
812;6200;605;24;6224
813;6075;590;17;6092
814;6133;582;19;6152
815;6112;578;17;6129
816;6398;566;17;6415
817;6334;589;18;6352
818;6186;561;15;6201
819;6091;540;21;6112
820;6168;568;17;6185
821;6094;573;18;6112
822;6236;550;13;6249
823;6187;563;22;6209
824;6147;572;20;6167
825;6189;547;15;6204
826;6090;549;13;6103
827;6196;577;16;6212
828;6075;546;27;6102
829;6187;557;22;6209
830;6190;596;24;6214
831;6271;623;13;6284
832;6079;562;18;6097
833;6119;555;16;6135
834;6039;598;24;6063
835;6151;604;17;6168
836;6165;564;17;6182
837;6088;593;32;6120
838;6152;525;12;6164
839;6127;558;22;6149
840;6146;575;13;6159
841;5969;554;29;5998
842;6126;558;23;6149
843;6225;602;22;6247
844;6124;558;18;6142
845;6194;576;25;6219
846;6152;588;15;6167
847;6259;592;15;6274
848;6203;583;14;6217
849;6122;579;19;6141
850;6204;584;19;6223
851;6117;591;20;6137
852;6194;570;15;6209
853;6196;644;18;6214
854;6191;573;17;6208
855;6078;523;16;6094
856;6173;579;17;6190
857;6204;613;20;6224
858;6031;563;14;6045
859;6210;619;22;6232
860;6214;573;24;6238
861;6217;531;12;6229
862;6023;539;18;6041
863;6351;585;20;6371
864;6157;559;15;6172
865;6113;567;24;6137
866;6232;589;19;6251
867;5991;577;17;6008
868;6066;599;21;6087
869;6276;583;15;6291
870;6103;547;22;6125
871;6141;567;17;6158
872;6115;570;13;6128
873;6134;600;18;6152
874;6090;535;16;6106
875;6028;567;17;6045
876;6126;569;13;6139
877;6111;545;8;6119
878;6144;594;21;6165
879;6131;597;16;6147
880;6131;584;15;6146
881;6162;591;29;6191
882;6248;536;14;6262
883;6185;570;17;6202
884;6141;570;28;6169
885;6016;519;16;6032
886;6044;570;25;6069
887;6115;598;17;6132
888;5887;536;14;5901
889;6252;524;10;6262
890;6150;568;15;6165
891;6153;559;24;6177
892;6191;550;17;6208
893;6106;585;19;6125
894;6183;602;20;6203
895;6267;555;18;6285
896;6158;536;19;6177
897;6020;555;18;6038
898;6081;543;21;6102
899;6100;577;16;6116
900;6311;602;14;6325
901;5999;568;14;6013
902;6158;588;21;6179
903;6167;568;15;6182
904;6088;602;13;6101
905;6297;611;15;6312
906;6235;525;18;6253
907;6147;534;22;6169
908;6260;563;24;6284
909;6243;572;14;6257
910;6149;547;18;6167
911;6238;594;15;6253
912;6119;567;20;6139
913;6201;602;16;6217
914;6133;594;14;6147
915;6059;554;26;6085
916;6208;551;11;6219
917;6164;569;20;6184
918;6132;562;16;6148
919;6206;599;18;6224
920;6075;602;17;6092
921;6139;560;11;6150
922;6152;595;25;6177
923;6088;565;18;6106
924;6127;560;12;6139
925;6150;584;20;6170
926;6124;535;21;6145
927;6177;561;15;6192
928;6104;521;26;6130
929;6150;546;17;6167
930;6202;596;19;6221
931;6101;590;10;6111
932;6175;579;15;6190
933;6139;576;18;6157
934;6142;541;14;6156
935;6169;583;22;6191
936;6222;554;19;6241
937;6148;527;19;6167
938;6119;559;14;6133
939;6074;560;16;6090
940;6144;613;21;6165
941;6041;573;20;6061
942;6110;528;16;6126
943;6232;590;21;6253
944;6085;588;25;6110
945;6083;532;25;6108
946;6095;560;14;6109
947;6157;600;21;6178
948;6235;563;18;6253
949;6089;563;17;6106
950;6061;583;14;6075
951;6174;604;15;6189
952;6098;564;13;6111
953;6326;610;23;6349
954;6116;570;22;6138
955;6215;594;17;6232
956;6171;559;14;6185
957;6098;538;24;6122
958;6215;533;16;6231
959;6244;585;18;6262
960;6108;552;14;6122
961;6065;586;25;6090
962;6284;617;21;6305
963;6220;614;17;6237
964;6064;552;19;6083
965;6008;578;17;6025
966;6103;613;8;6111
967;6129;579;12;6141
968;6191;578;18;6209
969;6211;569;16;6227
970;6153;542;15;6168
971;6121;553;23;6144
972;6152;566;17;6169
973;6269;584;17;6286
974;6214;581;19;6233
975;6113;552;25;6138
976;6213;556;18;6231
977;6046;569;17;6063
978;6161;581;25;6186
979;6113;580;19;6132
980;6212;584;12;6224
981;6127;525;9;6136
982;6098;607;29;6127
983;6202;583;14;6216
984;6109;538;20;6129
985;6124;549;11;6135
986;6055;600;18;6073
987;6233;580;22;6255
988;6118;561;13;6131
989;6143;612;21;6164
990;6039;544;21;6060
991;6068;568;17;6085
992;6019;566;17;6036
993;6100;537;12;6112
994;6147;594;20;6167
995;6051;551;24;6075
996;6126;541;22;6148
997;6137;533;19;6156
998;6212;524;17;6229
999;6081;567;15;6096
