;wykryte;nienaprawialne;niewykryte;bledy
0;14416;698;10;14426
1;14317;749;13;14330
2;14315;711;9;14324
3;14338;735;8;14346
4;14308;689;4;14312
5;14328;677;13;14341
6;14211;698;11;14222
7;14217;709;14;14231
8;14461;751;12;14473
9;14152;751;19;14171
